====== foreign probe ratings: ======
51486 : 0.7159315143354588, [182, 72, 0]
53151 : 1.0, [255, 0, 0]
20875 : 0.7569242575635093, [193, 61, 0]
32766 : 0.8480247556825158, [216, 38, 0]
54481 : 0.759401945994844, [193, 61, 0]
55815 : 0.6647405439479266, [169, 85, 0]
22522 : 0.6993086159252967, [178, 76, 0]
14766 : 0.6437284510738055, [164, 90, 0]
15238 : 0.6516788157914798, [166, 88, 0]
15269 : 0.32744701570149826, [83, 171, 0]
35631 : 0.0, [0, 255, 0]
52540 : 0.5864206449926934, [149, 105, 0]
34154 : 0.7395229502246466, [188, 66, 0]
2494 : 0.6753387353693252, [172, 82, 0]
6128 : 0.5130995061707162, [130, 124, 0]

====== local probe ratings: ======
6462 : 0.7368539193601925, [187, 67, 0]
52219 : 0.7465496058590795, [190, 64, 0]
18354 : 0.814341054558413, [207, 47, 0]
1000109 : 0.8523515249099218, [217, 37, 0]
1001820 : 0.8179653652970401, [208, 46, 0]
1002035 : 0.7278931220523219, [185, 69, 0]
11018 : 0.7058017132518654, [179, 75, 0]
32948 : 0.40651004654404377, [103, 151, 0]
3588 : 0.0, [0, 255, 0]
30030 : 0.7549991685792301, [192, 62, 0]
51146 : 0.7977863100138289, [203, 51, 0]
4981 : 1.0, [255, 0, 0]
