====== foreign probe ratings: ======
51486 : 0.3818310762382112, [97, 157, 0]
53151 : 0.6094193601435692, [155, 99, 0]
20875 : 0.3947079110371958, [100, 154, 0]
32766 : 0.1533812481826453, [39, 215, 0]
54481 : 0.08093917334141743, [20, 234, 0]
55815 : 0.0, [0, 255, 0]
22522 : 0.8620170473983254, [219, 35, 0]
14766 : 0.8335463546486498, [212, 42, 0]
15238 : 0.8544854968600122, [217, 37, 0]
15269 : 0.5348421620511261, [136, 118, 0]
35631 : 0.2540580347326651, [64, 190, 0]
52540 : 0.8561126087409903, [218, 36, 0]
34154 : 1.0, [255, 0, 0]
2494 : 0.9231742234516422, [235, 19, 0]
6128 : 0.7332709175013532, [186, 68, 0]

====== local probe ratings: ======
1485 : 0.9328323616592024, [237, 17, 0]
1001358 : 1.0, [255, 0, 0]
25348 : 0.32740947874403636, [83, 171, 0]
6252 : 0.9443245593349912, [240, 14, 0]
34405 : 0.0, [0, 255, 0]
23218 : 0.6079019989588943, [155, 99, 0]
4335 : 0.6125672765603993, [156, 98, 0]
6656 : 0.9404738434911495, [239, 15, 0]
29187 : 0.5534364623996018, [141, 113, 0]
26918 : 0.6955676610665722, [177, 77, 0]
