====== foreign probe ratings: ======
51486 : 0.7991217336243384, [203, 51, 0]
53151 : 1.0, [255, 0, 0]
20875 : 0.7897864153461689, [201, 53, 0]
32766 : 0.860708420511046, [219, 35, 0]
54481 : 0.7663966180149759, [195, 59, 0]
55815 : 0.6632828660772034, [169, 85, 0]
22522 : 0.6845272727308847, [174, 80, 0]
14766 : 0.6457228516067418, [164, 90, 0]
15238 : 0.658593662092567, [167, 87, 0]
15269 : 0.3355304940026953, [85, 169, 0]
35631 : 0.0, [0, 255, 0]
52540 : 0.5916559856279717, [150, 104, 0]
34154 : 0.7391353924520349, [188, 66, 0]
2494 : 0.6722829753505168, [171, 83, 0]
6128 : 0.5113986119086942, [130, 124, 0]

====== local probe ratings: ======
6462 : 0.7163270118812948, [182, 72, 0]
52219 : 0.7327923898832477, [186, 68, 0]
18354 : 0.7983951043793419, [203, 51, 0]
1000109 : 0.8371109870639337, [213, 41, 0]
1001820 : 0.8043334807448161, [205, 49, 0]
1002035 : 0.7273800792117999, [185, 69, 0]
11018 : 0.6937398172575793, [176, 78, 0]
32948 : 0.41792372360056973, [106, 148, 0]
3588 : 0.0, [0, 255, 0]
30030 : 0.7414182445670909, [189, 65, 0]
51146 : 0.7872663187666218, [200, 54, 0]
4981 : 1.0, [255, 0, 0]
